0.999999642 0.000511207 0.000512674 -0.001672946 -0.000511010 0.999999642 -0.000384818 0.000208372 -0.000512861 0.000384557 0.999999762 -0.000627638
0.999983728 -0.005321741 -0.001983862 -0.004731335 0.005289849 0.999861836 -0.015748717 -0.028444577 0.002067406 0.015737973 0.999873996 0.006482294
0.999958456 -0.008300870 -0.003754668 -0.009726818 0.008206290 0.999665022 -0.024540307 -0.069255874 0.003957126 0.024508476 0.999691784 0.010861891
0.999983549 -0.005168584 -0.002473198 -0.013427611 0.005098000 0.999602258 -0.027740382 -0.105361365 0.002615593 0.027727315 0.999612093 0.014281112
0.999992192 -0.003486189 -0.001854226 -0.016252633 0.003432500 0.999596298 -0.028209113 -0.122070171 0.001951814 0.028202526 0.999600351 0.022592178
0.999999166 0.000024911 -0.001225702 -0.018823681 -0.000055038 0.999697864 -0.024583977 -0.123300157 0.001224719 0.024584023 0.999696970 0.034983806
0.999997795 0.000800073 -0.001956269 -0.020614557 -0.000840590 0.999783337 -0.020797227 -0.117302403 0.001939222 0.020798821 0.999781787 0.047227938
0.999991834 -0.002135302 -0.003402375 -0.022770751 0.002075640 0.999845743 -0.017443109 -0.114963554 0.003439099 0.017435908 0.999842107 0.057298362
0.999986649 -0.003284714 -0.003991105 -0.025713716 0.003228175 0.999895632 -0.014090584 -0.115825914 0.004036963 0.014077516 0.999892771 0.063365094
0.999993026 -0.001517082 -0.003391020 -0.026812617 0.001472188 0.999911845 -0.013202032 -0.120031655 0.003410742 0.013196950 0.999907136 0.066992410
0.999995112 -0.000927966 -0.002984144 -0.028942486 0.000880908 0.999875903 -0.015731642 -0.121386796 0.002998367 0.015728937 0.999871790 0.068569213
0.999990761 -0.002346040 -0.003589317 -0.027887320 0.002296159 0.999901712 -0.013838347 -0.134486705 0.003621452 0.013829978 0.999897897 0.067293592
0.999992967 -0.001777615 -0.003278658 -0.027814141 0.001740152 0.999933600 -0.011393664 -0.146793485 0.003298692 0.011387878 0.999929667 0.064967535
0.999994874 -0.001148182 -0.002957024 -0.026028186 0.001167185 0.999978542 0.006432588 -0.161069348 0.002949581 -0.006436006 0.999974966 0.061445192
0.999934554 0.011404365 0.000837170 -0.021785460 -0.011429611 0.999034643 0.042417236 -0.181232601 -0.000352614 -0.042424031 0.999099672 0.057848394
0.999548614 0.029475262 0.005802765 -0.015969150 -0.029706948 0.998544812 0.045008674 -0.202410802 -0.004467681 -0.045160748 0.998969734 0.059117161
0.999081075 0.041509464 0.010663781 -0.017694255 -0.041865613 0.998485804 0.035685062 -0.222301990 -0.009166352 -0.036098719 0.999306202 0.066662863
0.999048293 0.039571941 0.018344223 -0.021970153 -0.040048994 0.998848557 0.026411146 -0.243947461 -0.017277960 -0.027120678 0.999482810 0.076162346
0.999329746 0.016273281 0.032788370 -0.030074213 -0.016888423 0.999684811 0.018572260 -0.266023815 -0.032475803 -0.019113557 0.999289811 0.089398861
0.997938275 -0.008114804 0.063665733 -0.039378963 0.007350717 0.999898255 0.012226574 -0.289795130 -0.063758478 -0.011733376 0.997896314 0.104545742
0.994127154 -0.031201193 0.103622228 -0.043394897 0.030306347 0.999488652 0.010199279 -0.311083585 -0.103887469 -0.006998967 0.994564474 0.120526820
0.987479627 -0.050864648 0.149320722 -0.049622573 0.049910873 0.998702347 0.010130364 -0.326392680 -0.149642229 -0.002550799 0.988736928 0.139257565
0.979421556 -0.066273980 0.190633237 -0.057295099 0.065412916 0.997799754 0.010813139 -0.343690753 -0.190930426 0.001879254 0.981601715 0.156988487
0.972238898 -0.077280208 0.220859930 -0.063093714 0.076273777 0.997000992 0.013094722 -0.359967887 -0.221209526 0.004114621 0.975217640 0.173886880
0.963679612 -0.085647769 0.252954483 -0.074423149 0.085408546 0.996274352 0.011947543 -0.377218634 -0.253035337 0.010090875 0.967404425 0.201274887
0.957320809 -0.095629521 0.272748798 -0.078753725 0.094451629 0.995376110 0.017476989 -0.392440617 -0.273158967 0.009030486 0.961926460 0.218592614
0.948500514 -0.106619738 0.298293352 -0.082335934 0.103642449 0.994279325 0.025829874 -0.405991495 -0.299340844 0.006416200 0.954124689 0.237276837
0.935725451 -0.118120141 0.332363307 -0.083677746 0.114321195 0.992958963 0.031035883 -0.415710241 -0.333689034 0.008955101 0.942640662 0.256658942
0.917564273 -0.131568417 0.375187099 -0.086899027 0.126473695 0.991230667 0.038292620 -0.423909694 -0.376935035 0.012315352 0.926157773 0.276949286
0.906919420 -0.150878504 0.393361062 0.024952605 0.164240301 0.986420274 -0.000312887 -0.319358349 -0.387972116 0.064889506 0.919384003 0.291262299
0.877393365 -0.169093907 0.448985696 0.012376323 0.183169171 0.983004987 0.012269264 -0.326778561 -0.443429768 0.071475349 0.893454671 0.322172284
0.844936669 -0.187708020 0.500847042 0.004588827 0.202349797 0.978980303 0.025536183 -0.330509394 -0.495112747 0.079769805 0.865159035 0.351780295
0.808782458 -0.207133338 0.550424218 -0.005249098 0.221701488 0.974257946 0.040864967 -0.335591346 -0.544719577 0.088978976 0.833884418 0.390183657
0.754037023 -0.227493897 0.616177499 -0.015526533 0.241307482 0.968449652 0.062257379 -0.343172908 -0.610900164 0.101743862 0.785142839 0.446116090
0.717544556 -0.241311774 0.653374612 -0.015603691 0.256192595 0.963743746 0.074586742 -0.337632358 -0.647684336 0.113870397 0.753351450 0.478920460
0.678136230 -0.253060043 0.689994097 -0.017615706 0.265220284 0.959848940 0.091368757 -0.339125216 -0.685411870 0.121039920 0.718025088 0.514590859
0.637469649 -0.265841305 0.723160326 -0.017630234 0.278386146 0.954652905 0.105541535 -0.339693218 -0.718424320 0.134038270 0.682568789 0.550242066
0.576242149 -0.277604371 0.768687725 -0.016510844 0.296128511 0.947553575 0.120209076 -0.343133569 -0.761743307 0.158360779 0.628226876 0.607531309
0.534424067 -0.286505580 0.795176387 -0.015142798 0.313604712 0.940856040 0.128226370 -0.344157696 -0.784883976 0.180843785 0.592665672 0.649044335
0.492200553 -0.295094758 0.818936944 -0.014542818 0.327428848 0.934457302 0.139928609 -0.343779624 -0.806553721 0.199270606 0.556563020 0.691895306
0.449080855 -0.301088899 0.841232240 -0.011990279 0.336987346 0.929055810 0.152625874 -0.347431988 -0.827505827 0.214943245 0.518684447 0.732980967
0.381873965 -0.310569018 0.870470643 -0.010727048 0.357258260 0.918240249 0.170883775 -0.350004226 -0.852372468 0.245726749 0.461605430 0.795103729
0.337090909 -0.315786272 0.886932135 -0.009855092 0.373750716 0.909540474 0.181786627 -0.350988805 -0.864106476 0.270212948 0.424623251 0.834802747
0.293056965 -0.320190012 0.900886118 -0.009333014 0.385692060 0.901776254 0.195041254 -0.352220863 -0.874848127 0.290306479 0.387766600 0.871858120
0.250908762 -0.323947579 0.912196636 -0.010579303 0.392335474 0.895504892 0.210104048 -0.351575255 -0.884939373 0.305170208 0.351786196 0.903928041
0.210031644 -0.334044009 0.918858707 -0.011813506 0.392955124 0.889412999 0.233518004 -0.351218194 -0.895250261 0.312024057 0.318069190 0.936714768
0.172798708 -0.344698906 0.922671854 -0.012596413 0.388158590 0.884785771 0.257850498 -0.351348460 -0.905247808 0.313586742 0.286687732 0.964192092
0.137205377 -0.351674497 0.926012754 -0.014559582 0.383589238 0.880775094 0.277658820 -0.350815952 -0.913254678 0.317112237 0.255745620 1.005368590
0.123759687 -0.347408861 0.929511011 -0.013653576 0.383866757 0.880547106 0.277998447 -0.351388067 -0.915057302 0.322403342 0.242334992 1.032766104
0.116976596 -0.342670858 0.932144403 -0.012151837 0.386597097 0.880267322 0.275085270 -0.351169825 -0.914800107 0.328185797 0.235446274 1.058921099
0.114558771 -0.350496799 0.929531217 -0.010965645 0.387891769 0.877197087 0.282958031 -0.350790739 -0.914557993 0.328142196 0.236445457 1.087177396
0.116539657 -0.359487623 0.925844014 -0.009217724 0.393761367 0.872526824 0.289221227 -0.350046486 -0.911795259 0.330855876 0.243236333 1.112201214
0.123252563 -0.369291872 0.921103776 -0.000510827 0.416826218 0.861599147 0.289659679 -0.349218279 -0.900591254 0.348238975 0.260124862 1.146869540
0.128827870 -0.366772860 0.921347439 0.008934915 0.418195069 0.862527788 0.284883440 -0.349683881 -0.899175286 0.348602027 0.264500290 1.167268276
0.135976613 -0.359638929 0.923130572 0.021233171 0.402541548 0.871458650 0.280214071 -0.347793937 -0.905246198 0.333495885 0.263267636 1.183268070
0.144274414 -0.349208951 0.925871432 0.036673442 0.387338459 0.880930364 0.271901399 -0.346347392 -0.910578847 0.319397181 0.262357801 1.196425796
0.153734267 -0.339352876 0.928011537 0.061179668 0.372370690 0.889831424 0.263704389 -0.344623178 -0.915262699 0.305023909 0.263162702 1.214049339
0.145888776 -0.331174910 0.932222903 0.079116732 0.369078755 0.892492771 0.259301484 -0.344028085 -0.917876482 0.306234539 0.252434343 1.226146102
0.121915102 -0.320536494 0.939357817 0.096320927 0.377333194 0.890325606 0.254832864 -0.345350653 -0.918017626 0.323382944 0.229493201 1.237866879
0.084483266 -0.307246387 0.947872519 0.112385929 0.392367363 0.884674847 0.251789838 -0.348425895 -0.915920556 0.350642174 0.195293680 1.244918466
0.013375118 -0.310494244 0.950481057 0.130055457 0.397985846 0.873679698 0.279805034 -0.356100321 -0.917294085 0.374535620 0.135257855 1.257438421
-0.024774969 -0.326172054 0.944985688 0.133972675 0.409030229 0.859223306 0.307293832 -0.364020646 -0.912184417 0.394140929 0.112127006 1.257565141
-0.051721945 -0.346665412 0.936561763 0.136334896 0.417159557 0.844578505 0.335655868 -0.381140381 -0.907360315 0.408056468 0.100931540 1.254577518
-0.068357199 -0.359515309 0.930632055 0.140031144 0.420951635 0.835318208 0.353614271 -0.410791904 -0.904503703 0.415923178 0.094238564 1.243742466
-0.079148769 -0.362450659 0.928636074 0.144311875 0.427664667 0.829130292 0.360063523 -0.446130574 -0.900465667 0.425643444 0.089382738 1.226079226
-0.088969260 -0.362237066 0.927830160 0.154703856 0.427441627 0.827501059 0.364054471 -0.496098220 -0.899654329 0.428982854 0.081212968 1.191234827
-0.092719428 -0.360690624 0.928065360 0.164752141 0.416862309 0.832397938 0.365156800 -0.523763061 -0.904228270 0.420732588 0.073178813 1.163909435
-0.094065599 -0.364832491 0.926309347 0.177542344 0.395626098 0.840115786 0.371060014 -0.547750831 -0.913581669 0.401376039 0.065311223 1.135050774
-0.095152274 -0.369153529 0.924484551 0.198475257 0.374725670 0.847103775 0.376823336 -0.577087760 -0.922239959 0.382283688 0.057727430 1.091724396
-0.097368032 -0.371759146 0.923208952 0.214980483 0.382012457 0.842601955 0.379589975 -0.594783604 -0.919013560 0.389637172 0.059974082 1.065026402
-0.097254626 -0.373077691 0.922688782 0.233487055 0.384087473 0.841196597 0.380611479 -0.609388649 -0.918160200 0.391409427 0.061484180 1.037105083
-0.097626977 -0.371503830 0.923284292 0.257383525 0.379220784 0.843841195 0.379636437 -0.623467922 -0.920141459 0.387191266 0.058500275 1.012682676
-0.099725731 -0.366509944 0.925054193 0.296408176 0.369317532 0.849642754 0.376446068 -0.639954925 -0.923936903 0.379179984 0.050627269 0.977552176
-0.110881478 -0.355489999 0.928079844 0.326294482 0.370203465 0.851857722 0.370523751 -0.648855448 -0.922309458 0.384662539 0.037148342 0.953913391
-0.134004548 -0.337802589 0.931628764 0.356346995 0.369848728 0.855132222 0.363264143 -0.656369090 -0.919377327 0.393240720 0.010344204 0.930495977
-0.160107434 -0.344189018 0.925148427 0.386153996 0.365906775 0.849772990 0.379470944 -0.662294865 -0.916775703 0.399274111 -0.010113910 0.911799252
-0.170441300 -0.351775497 0.920436740 0.400129110 0.363005340 0.845992386 0.390543401 -0.663736820 -0.916065931 0.400688112 -0.016495671 0.901413739
